765.00000000	0.00001285	0.12421543	0.00000000	9664.01958331	0.00000000
767.00000000	0.00001366	0.12700522	0.00000000	9294.41929647	0.00000000
769.00000000	0.00001002	0.09551696	0.00000000	9537.10194826	0.00000000
771.00000000	0.00000887	0.07182140	0.00000000	8101.03286405	0.00000000
773.00000000	0.00000631	0.04761635	0.00000000	7546.40608854	0.00000000
775.00000000	0.00000487	0.03436360	0.00000000	7052.27336174	0.00000000
777.00000000	0.00000544	0.03959680	0.00000000	7272.15639409	0.00000000
779.00000000	0.00001137	0.07567208	0.00000000	6652.66459533	0.00000000
781.00000000	0.00001613	0.11231001	0.00000000	6960.82709421	0.00000000
783.00000000	0.00001742	0.12703235	0.00000000	7293.18268101	0.00000000
785.00000000	0.00003436	0.19938020	0.00000000	5803.21487879	0.00000000
787.00000000	0.00003897	0.22087634	0.00000000	5667.50491519	0.00000000
789.00000000	0.00004087	0.22296777	0.00000000	5455.54374758	0.00000000
791.00000000	0.00003828	0.19922626	0.00000000	5204.26983208	0.00000000
793.00000000	0.00002983	0.15720677	0.00000000	5270.78802513	0.00000000
795.00000000	0.00002603	0.12312392	0.00000000	4729.29103091	0.00000000
797.00000000	0.00001733	0.08244605	0.00000000	4756.05037414	0.00000000
799.00000000	0.00001184	0.04994027	0.00000000	4217.79261266	0.00000000
801.00000000	0.00000909	0.03615011	0.00000000	3976.19107082	0.00000000
803.00000000	0.00001059	0.04025804	0.00000000	3801.47148287	0.00000000
805.00000000	0.00001518	0.05935293	0.00000000	3908.89576434	0.00000000
807.00000000	0.00002668	0.09726676	0.00000000	3645.94999301	0.00000000
809.00000000	0.00003897	0.13876218	0.00000000	3560.28954317	0.00000000
811.00000000	0.00005421	0.18766096	0.00000000	3461.73006838	0.00000000
813.00000000	0.00006543	0.22125146	0.00000000	3381.69185523	0.00000000
815.00000000	0.00007179	0.23403986	0.00000000	3260.19838670	0.00000000
817.00000000	0.00006963	0.22573672	0.00000000	3242.01790790	0.00000000
819.00000000	0.00006826	0.20708752	0.00000000	3033.67028680	0.00000000
821.00000000	0.00005925	0.17298451	0.00000000	2919.37316580	0.00000000
823.00000000	0.00004473	0.12597696	0.00000000	2816.42463056	0.00000000
825.00000000	0.00003228	0.09001627	0.00000000	2788.62623689	0.00000000
827.00000000	0.00002016	0.05262719	0.00000000	2610.44139935	0.00000000
829.00000000	0.00001554	0.03903047	0.00000000	2511.66093131	0.00000000
831.00000000	0.00001690	0.03920051	0.00000000	2319.76593367	0.00000000
833.00000000	0.00002577	0.05825420	0.00000000	2260.66942986	0.00000000
835.00000000	0.00003900	0.08634535	0.00000000	2214.06463456	0.00000000
837.00000000	0.00005954	0.12487704	0.00000000	2097.30535160	0.00000000
839.00000000	0.00007318	0.15100308	0.00000000	2063.46000340	0.00000000
841.00000000	0.00008068	0.16361068	0.00000000	2027.86161672	0.00000000
843.00000000	0.00007709	0.15687634	0.00000000	2035.04336117	0.00000000
845.00000000	0.00010534	0.18486623	0.00000000	1754.97131118	0.00000000
847.00000000	0.00009908	0.17163585	0.00000000	1732.23349108	0.00000000
849.00000000	0.00008139	0.14126489	0.00000000	1735.71978628	0.00000000
851.00000000	0.00007725	0.12420411	0.00000000	1607.84237902	0.00000000
853.00000000	0.00006118	0.09741277	0.00000000	1592.33005580	0.00000000
855.00000000	0.00004292	0.06440038	0.00000000	1500.47409691	0.00000000
857.00000000	0.00003265	0.04666919	0.00000000	1429.23123577	0.00000000
859.00000000	0.00002640	0.03421840	0.00000000	1296.34027969	0.00000000
861.00000000	0.00002971	0.03628992	0.00000000	1221.55600794	0.00000000
863.00000000	0.00005139	0.05797465	0.00000000	1128.02300279	0.00000000
865.00000000	0.00007161	0.07941864	0.00000000	1109.10100881	0.00000000
867.00000000	0.00010772	0.11537840	0.00000000	1071.05118530	0.00000000
869.00000000	0.00013459	0.14138791	0.00000000	1050.54342482	0.00000000
871.00000000	0.00018062	0.18053478	0.00000000	999.54782081	0.00000000
873.00000000	0.00020188	0.19716364	0.00000000	976.64864619	0.00000000
875.00000000	0.00022774	0.21182242	0.00000000	930.11559986	0.00000000
877.00000000	0.00023077	0.21012808	0.00000000	910.53905769	0.00000000
879.00000000	0.00021933	0.19326733	0.00000000	881.17370566	0.00000000
881.00000000	0.00020443	0.17390811	0.00000000	850.70407618	0.00000000
883.00000000	0.00016919	0.13981319	0.00000000	826.34908625	0.00000000
885.00000000	0.00013669	0.10958663	0.00000000	801.70538559	0.00000000
887.00000000	0.00008794	0.06800022	0.00000000	773.23501979	0.00000000
889.00000000	0.00006496	0.04815463	0.00000000	741.33620024	0.00000000
891.00000000	0.00004639	0.03229181	0.00000000	696.06327741	0.00000000
893.00000000	0.00004996	0.03172368	0.00000000	635.01938275	0.00000000
895.00000000	0.00006603	0.03964503	0.00000000	600.37974440	0.00000000
897.00000000	0.00010445	0.05969395	0.00000000	571.50407916	0.00000000
899.00000000	0.00014888	0.08214192	0.00000000	551.73061063	0.00000000
901.00000000	0.00019842	0.10600089	0.00000000	534.23309094	0.00000000
903.00000000	0.00026882	0.13853668	0.00000000	515.34515698	0.00000000
905.00000000	0.00031551	0.15662554	0.00000000	496.42675549	0.00000000
907.00000000	0.00036749	0.17570889	0.00000000	478.13017642	0.00000000
909.00000000	0.00039795	0.18241489	0.00000000	458.38892960	0.00000000
911.00000000	0.00040140	0.17765436	0.00000000	442.58872926	0.00000000
913.00000000	0.00038630	0.16441397	0.00000000	425.61490671	0.00000000
915.00000000	0.00035808	0.14626831	0.00000000	408.47838689	0.00000000
917.00000000	0.00030592	0.12023442	0.00000000	393.02963214	0.00000000
919.00000000	0.00025400	0.09584068	0.00000000	377.32133252	0.00000000
921.00000000	0.00018059	0.06618897	0.00000000	366.51499960	0.00000000
923.00000000	0.00013909	0.04868194	0.00000000	349.99416400	0.00000000
925.00000000	0.00009540	0.03185321	0.00000000	333.87632714	0.00000000
927.00000000	0.00008300	0.02597337	0.00000000	312.92759951	0.00000000
929.00000000	0.00008843	0.02536268	0.00000000	286.79947044	0.00000000
931.00000000	0.00012048	0.03281835	0.00000000	272.40636150	0.00000000
933.00000000	0.00017386	0.04454067	0.00000000	256.19014536	0.00000000
935.00000000	0.00025717	0.06307545	0.00000000	245.26500959	0.00000000
937.00000000	0.00034883	0.08194486	0.00000000	234.91660130	0.00000000
939.00000000	0.00045360	0.10164507	0.00000000	224.08661512	0.00000000
941.00000000	0.00053948	0.11560325	0.00000000	214.28751788	0.00000000
943.00000000	0.00061047	0.12540498	0.00000000	205.42322763	0.00000000
945.00000000	0.00065460	0.12937988	0.00000000	197.64691194	0.00000000
947.00000000	0.00067601	0.12794483	0.00000000	189.26481590	0.00000000
949.00000000	0.00065162	0.11932685	0.00000000	183.12210256	0.00000000
951.00000000	0.00061525	0.10779268	0.00000000	175.20263719	0.00000000
953.00000000	0.00053010	0.08846687	0.00000000	166.88662916	0.00000000
955.00000000	0.00047007	0.07573631	0.00000000	161.11544783	0.00000000
957.00000000	0.00037345	0.05854646	0.00000000	156.76990921	0.00000000
959.00000000	0.00028435	0.04288939	0.00000000	150.83166938	0.00000000
961.00000000	0.00020636	0.02987427	0.00000000	144.76584608	0.00000000
963.00000000	0.00016034	0.02192940	0.00000000	136.76408229	0.00000000
965.00000000	0.00013436	0.01698896	0.00000000	126.44695885	0.00000000
967.00000000	0.00015483	0.01769405	0.00000000	114.28062723	0.00000000
969.00000000	0.00021952	0.02322653	0.00000000	105.80624910	0.00000000
971.00000000	0.00029933	0.03004010	0.00000000	100.35633728	0.00000000
973.00000000	0.00042235	0.04130050	0.00000000	97.78780532	0.00000000
975.00000000	0.00055937	0.05228058	0.00000000	93.46320326	0.00000000
977.00000000	0.00069985	0.06272937	0.00000000	89.63288118	0.00000000
979.00000000	0.00084902	0.07299482	0.00000000	85.97587668	0.00000000
981.00000000	0.00095362	0.07843339	0.00000000	82.24815634	0.00000000
983.00000000	0.00104737	0.08299105	0.00000000	79.23788071	0.00000000
985.00000000	0.00108807	0.08367842	0.00000000	76.90542036	0.00000000
987.00000000	0.00111404	0.08142635	0.00000000	73.09096312	0.00000000
989.00000000	0.00106108	0.07533924	0.00000000	71.00242933	0.00000000
991.00000000	0.00099197	0.06742828	0.00000000	67.97423099	0.00000000
993.00000000	0.00088619	0.05763472	0.00000000	65.03655673	0.00000000
995.00000000	0.00073900	0.04717289	0.00000000	63.83315908	0.00000000
997.00000000	0.00061312	0.03763722	0.00000000	61.38683907	0.00000000
999.00000000	0.00044474	0.02663075	0.00000000	59.87905759	0.00000000